# This file may be used to create an environment using:
# $ conda create --name <env> --file <this file>
# platform: win-64
blas=1.0=mkl
bottleneck=1.3.5=py311h5bb9823_0
brotli=1.1.0=hcfcfb64_1
brotli-bin=1.1.0=hcfcfb64_1
bzip2=1.0.8=he774522_0
ca-certificates=2023.12.12=haa95532_0
certifi=2023.11.17=pyhd8ed1ab_0
contourpy=1.2.0=py311h005e61a_0
cycler=0.12.1=pyhd8ed1ab_0
fonttools=4.47.2=py311ha68e1ae_0
freetype=2.12.1=ha860e81_0
icu=73.2=h63175ca_0
intel-openmp=2023.1.0=h59b6b97_46320
jbig=2.1=h8d14728_2003
jpeg=9e=hcfcfb64_3
kiwisolver=1.4.5=py311h005e61a_1
krb5=1.20.1=heb0366b_0
lerc=2.2.1=h0e60522_0
libbrotlicommon=1.1.0=hcfcfb64_1
libbrotlidec=1.1.0=hcfcfb64_1
libbrotlienc=1.1.0=hcfcfb64_1
libclang=14.0.6=default_hb5a9fac_1
libclang13=14.0.6=default_h8e68704_1
libdeflate=1.7=h8ffe710_5
libffi=3.4.4=hd77b12b_0
libpng=1.6.39=h8cc25b3_0
libpq=12.15=h906ac69_1
libtiff=4.3.0=h0c97f57_1
libwebp=1.3.2=hcfcfb64_1
libwebp-base=1.3.2=hcfcfb64_0
lz4-c=1.9.4=hcfcfb64_0
matplotlib=3.8.2=py311h1ea47a8_0
matplotlib-base=3.8.2=py311h6e989c2_0
mkl=2023.1.0=h6b88ed4_46358
mkl-service=2.4.0=py311h2bbff1b_1
mkl_fft=1.3.8=py311h2bbff1b_0
mkl_random=1.2.4=py311h59b6b97_0
munkres=1.1.4=pyh9f0ad1d_0
numexpr=2.8.7=py311h1fcbade_0
numpy=1.26.3=py311hdab7c0b_0
numpy-base=1.26.3=py311hd01c5d8_0
openjpeg=2.4.0=hb211442_1
openssl=3.2.0=hcfcfb64_1
packaging=23.2=pyhd8ed1ab_0
pandas=2.1.4=py311hf62ec03_0
pillow=10.0.1=py311h045eedc_0
pip=23.3.1=py311haa95532_0
ply=3.11=py_1
pyparsing=3.1.1=pyhd8ed1ab_0
pyqt=5.15.10=py311hd77b12b_0
pyqt5-sip=12.13.0=py311h2bbff1b_0
python=3.11.7=he1021f5_0
python-dateutil=2.8.2=pyhd3eb1b0_0
python-tzdata=2023.3=pyhd3eb1b0_0
python_abi=3.11=2_cp311
pytz=2023.3.post1=py311haa95532_0
qt-main=5.15.2=h19c9488_10
setuptools=68.2.2=py311haa95532_0
sip=6.7.12=py311h12c1d0e_0
six=1.16.0=pyhd3eb1b0_1
sqlite=3.41.2=h2bbff1b_0
tbb=2021.8.0=h59b6b97_0
tk=8.6.12=h2bbff1b_0
tomli=2.0.1=pyhd8ed1ab_0
tornado=6.3.3=py311ha68e1ae_1
tzdata=2023d=h04d1e81_0
ucrt=10.0.22621.0=h57928b3_0
vc=14.2=h21ff451_1
vc14_runtime=14.38.33130=h82b7239_18
vs2015_runtime=14.38.33130=hcb4865c_18
wheel=0.41.2=py311haa95532_0
xz=5.4.5=h8cc25b3_0
zlib=1.2.13=h8cc25b3_0
zstd=1.5.5=hd43e919_0
